0=73,4;2,41;22,23;24,8;26,48;32,37;41,12;51,58;56,59;70,3
1=65,53;41,36;69,29;2,2;23,37;12,27;18,30;32,39;44,28;46,65;53,14;56,62;61,9;63,26;68,6;71,62
2=1,2;44,34;0,41;20,43;63,74;47,2;10,3;7,42;23,20;62,2;53,13;60,35;12,50;32,58;43,26;45,63;55,67;58,44;61,67;64,73;67,48;69,29;70,1
3=5,5;73,66;49,61;37,12;19,27;41,21;57,16;58,62;18,22;62,13;55,33;7,53;15,18;23,34;31,44;39,2;46,9;67,18;69,51
4=42,1;68,58;18,38;22,32;26,26;30,47;12,10;70,67;48,42;19,30;27,64;43,51;16,48;55,18;39,41;73,57;72,30;21,11;25,54;33,48;36,61;37,50;52,2;53,48;60,42
5=3,5;44,53;42,67;6,72;63,13;55,50;7,40;9,45;47,72;51,41;70,32
6=5,72;46,22;7,36;16,15;51,21;10,28;19,73;31,10;33,65;34,67;38,50;56,72;61,52;72,12
7=2,42;6,36;5,40;61,29;34,62;67,1;3,53;24,20;16,10;50,62;19,9;71,23;52,28;66,71;35,41;23,56;26,31;33,68;37,33;39,38;45,14;47,35;60,32;69,40
8=43,38;9,3;15,41;22,3;29,50;31,39;35,70;39,8;46,47;57,30;64,22;67,25
9=8,3;16,8;65,1;5,45;33,29;41,31;48,7;53,66;67,4;11,49;18,49;32,31;34,69;39,55;44,7;74,1
10=2,3;16,27;31,2;6,28;26,34;38,64;62,35;73,72;40,13;41,28;34,9;28,40;32,69;23,63;15,35;22,27;64,58
11=23,37;54,44;12,3;39,47;9,49;25,65;43,35;67,25;17,60;32,61;44,21;46,71;52,40;57,61;65,47
12=4,10;11,3;72,70;18,64;2,50;1,27;45,30;38,18;48,2;26,69;32,50;15,28;44,41;49,25;64,3;69,59
13=19,66;44,23;28,10;46,51;72,24;49,39;18,28;73,42;16,74;33,60;41,18;53,26;56,51;58,70;65,74
14=24,55;44,20;71,46;32,34;62,27;34,54;57,25;58,30;52,11;55,11;63,69;26,51;45,16;49,67;51,27;56,28;60,52;65,64
15=10,35;42,16;73,37;40,12;8,41;26,61;12,28;3,18;31,18;56,47;64,66;68,17;70,41
16=4,48;6,15;7,10;9,8;10,27;13,74;30,59;37,23;46,9;47,50;56,53;67,7
17=11,60;29,57;36,65;67,25;70,61;21,10;60,1;40,24;27,20;63,27;42,1;43,4;73,68;71,66;30,36;54,68;47,31;48,42;52,71;57,9
18=3,22;4,38;12,64;13,28;9,49;37,62;52,18;63,37;1,30;44,48;22,57;51,73;24,56;41,45;48,21;28,21;21,49;34,35;45,7;54,6;64,57;68,54
19=3,27;4,30;7,9;13,66;36,37;6,73;29,62;25,30;49,20;52,42;59,41;60,68;65,45;68,39
20=2,43;36,40;23,67;32,65;37,17;39,1
21=4,11;17,10;28,72;22,64;52,30;24,3;18,49;44,30;50,13;57,19;58,13;61,71;63,25;69,16;70,19
22=4,32;18,57;21,64;40,72;36,26;56,26;33,36;27,22;41,54;8,3;39,28;0,23;10,27;45,17;57,43;64,8
23=1,37;2,20;10,63;11,37;7,56;29,10;64,16;54,40;74,24;55,17;42,13;37,22;47,46;32,35;3,34;45,29;20,67;50,22;53,36;68,41
24=7,20;14,55;18,56;21,3;56,24;57,2;33,39;0,8;36,13;45,39;51,56;42,26;55,57;47,24
25=11,65;4,54;69,47;52,5;64,44;53,70;46,25;19,30;49,47;50,49
26=4,26;10,34;12,69;14,51;15,61;64,38;46,8;62,42;56,44;35,20;7,31;0,48;27,53;51,30;43,46;41,16;49,56;54,1;63,70;70,70;71,32;74,57
27=4,64;17,20;22,22;26,53;33,4;57,20;56,12;31,36;29,15;50,60;64,61;46,57;51,63;53,22;62,28
28=10,40;13,10;18,21;21,72;29,18;40,22;72,43;54,44;45,74;64,65;63,63;69,12;59,30;31,71;37,3;42,57;67,24;68,3
29=17,57;19,62;23,10;27,15;28,18;60,17;8,50;52,61;65,51
30=4,47;17,36;16,59;34,48;52,1;54,24;56,18;58,27;59,34;63,30;64,2;67,19
31=10,2;27,36;6,10;44,28;50,6;15,18;62,5;3,44;66,65;8,39;58,53;28,71;46,4
32=10,69;12,50;14,34;23,35;56,10;2,58;46,38;0,37;61,54;11,61;1,39;58,3;20,65;9,31;67,11;36,18;44,46;41,58;62,1;73,40
33=9,29;22,36;24,39;27,4;62,24;13,60;4,48;58,52;7,68;47,33;6,65;46,30;50,46;54,21;57,42;60,15;64,64;66,58;72,65
34=7,62;10,9;14,54;50,10;9,69;43,52;30,48;6,67;56,63;18,35;37,6;39,37;46,21;61,61;69,35
35=7,41;26,20;8,70;51,41;60,5;66,46;69,14
36=17,65;19,37;20,40;22,26;24,13;32,18;4,61;39,4;46,49;53,43;55,16;56,74;62,17;69,49;72,1;74,38
37=3,12;18,62;23,22;34,6;20,17;51,6;56,40;39,16;4,50;45,24;46,69;16,23;28,3;52,20;47,45;67,57;7,33;59,57;54,5;62,65;69,61;73,32
38=10,64;12,18;6,50;66,26;44,73;46,54;62,21;72,20
39=4,41;11,47;22,28;37,16;65,15;36,4;8,8;3,2;34,37;45,29;20,1;9,55;7,38;64,39;60,71;54,63;48,72;70,13
40=10,13;15,12;17,24;22,72;28,22;56,11;46,56;50,9;51,54;57,35;62,25;64,26
41=1,36;3,21;9,31;10,28;18,45;22,54;32,58;13,18;56,19;0,12;26,16;60,46;63,19;65,16
42=4,1;5,67;15,16;17,1;23,13;24,26;28,57;58,8;59,11;63,33;72,23
43=4,51;8,38;11,35;17,4;26,46;34,52;2,26;52,45;66,71;69,18;70,67
44=2,34;5,53;13,23;14,20;18,48;31,28;32,46;73,40;1,28;38,73;21,30;12,41;45,68;66,47;58,64;9,7;11,21;71,8;46,70;55,55;60,58;64,69;68,31;70,55
45=12,30;23,29;24,39;28,74;37,24;39,29;44,68;62,57;61,47;18,7;7,14;2,63;22,17;67,42;14,16;64,74
46=6,22;13,51;25,25;26,8;32,38;37,69;40,56;71,6;27,57;66,67;1,65;16,9;36,49;38,54;3,9;57,31;31,4;44,70;61,54;74,25;34,21;8,47;33,30;11,71;65,17;52,31;54,35
47=2,2;17,31;23,46;33,33;37,45;69,20;60,17;7,35;65,14;66,44;24,24;55,48;5,72;48,29;16,50;49,36;50,38;63,58
48=4,42;9,7;12,2;17,42;18,21;47,29;53,5;39,72;50,25;63,57
49=3,61;13,39;26,56;61,1;25,47;12,25;47,36;19,20;60,55;68,63;14,67;62,2;72,4;58,59;70,22
50=7,62;27,60;31,6;34,10;33,46;71,57;54,6;72,8;47,38;40,9;21,13;23,22;52,52;48,25;57,18;63,46;25,49;67,39;62,35;55,64;70,56
51=6,21;18,73;24,56;26,30;37,6;5,41;40,54;14,27;0,58;27,63;35,41;74,52;56,55;66,12;72,22
52=7,28;14,11;18,18;21,30;25,5;37,20;46,31;50,52;71,42;19,42;30,1;74,61;43,45;17,71;11,40;4,2;29,61;66,37;72,49
53=2,13;9,66;25,70;48,5;36,43;27,22;13,26;57,35;1,14;23,36;4,48;60,44;69,22
54=11,44;17,68;23,40;28,44;39,63;50,6;33,21;18,6;46,35;37,5;26,1;69,64;30,24;56,11;59,43;64,14;65,18
55=3,33;4,18;5,50;14,11;23,17;24,57;47,48;36,16;44,55;50,64;2,67;64,68;67,36
56=22,26;24,24;26,44;27,12;32,10;34,63;37,40;40,11;41,19;14,28;6,72;15,47;64,53;54,11;36,74;16,53;0,59;30,18;1,62;51,55;13,51;63,72;67,31
57=3,16;14,25;24,2;27,20;46,31;50,18;53,35;33,42;61,62;11,61;40,35;8,30;17,9;22,43;21,19;59,46;70,6
58=3,62;14,30;31,53;32,3;33,52;44,64;49,59;21,13;2,44;30,27;61,70;67,42;13,70;42,8;62,61;63,39;59,18;65,47;70,63
59=28,30;37,57;58,18;30,34;42,11;70,54;19,41;57,46;54,43;60,69;67,54;72,19
60=2,35;17,1;29,17;39,71;41,46;47,17;49,55;19,68;71,31;7,32;14,52;59,69;53,44;44,58;4,42;66,31;33,15;35,5;64,63;69,55;72,55;74,3
61=7,29;32,54;45,47;46,54;49,1;57,62;58,70;6,52;21,71;2,67;34,61;64,21;1,9;65,2;66,61;70,11;72,37
62=2,2;3,13;10,35;14,27;26,42;31,5;33,24;45,57;49,2;50,35;58,61;36,17;32,1;40,25;27,28;37,65;38,21;71,71
63=2,74;5,13;14,69;17,27;18,37;28,63;41,19;50,46;56,72;58,39;72,17;1,26;42,33;48,57;26,70;47,58;21,25;30,30;66,30;67,57;69,11;71,44
64=23,16;25,44;26,38;27,61;28,65;39,39;56,53;61,21;8,22;22,8;15,66;2,73;45,74;18,57;54,14;10,58;55,68;12,3;30,2;60,63;74,72;44,69;40,26;33,64;72,55
65=1,53;9,1;39,15;46,17;47,14;41,16;14,64;13,74;74,41;19,45;58,47;54,18;61,2;29,51;11,47;72,1
66=7,71;31,65;38,26;44,47;46,67;47,44;60,31;72,71;63,30;51,12;52,37;74,60;43,71;71,56;33,58;35,46;61,61
67=7,1;9,4;11,25;17,25;32,11;37,57;45,42;50,39;58,42;59,54;3,18;63,57;28,24;56,31;2,48;55,36;30,19;16,7;8,25;70,11
68=4,58;49,63;44,31;15,17;23,41;69,66;19,39;28,3;1,6;18,54;71,17;72,9
69=1,29;25,47;28,12;47,20;54,64;68,66;21,16;60,55;34,35;35,14;63,11;43,18;53,22;36,49;37,61;3,51;7,40;12,59;2,29;70,1
70=4,67;17,61;59,54;43,67;39,13;67,11;61,11;49,22;57,6;58,63;50,56;0,3;69,1;15,41;2,1;5,32;44,55;21,19;26,70;71,51;74,2
71=7,23;14,46;17,66;44,8;46,6;50,57;52,42;60,31;66,56;62,71;68,17;70,51;1,62;26,32;63,44
72=4,30;12,70;13,24;28,43;49,4;50,8;63,17;66,71;51,22;42,23;33,65;38,20;65,1;52,49;6,12;59,19;60,55;36,1;68,9;61,37;64,55
73=0,4;3,66;4,57;10,72;13,42;15,37;17,68;44,40;32,40;37,32
74=23,24;46,25;51,52;52,61;64,72;65,41;66,60;26,57;36,38;9,1;70,2;60,3
